1569 -1635
2153 -2187
2326 -2482
3013 -3188
815 -823
1925 -2339
2250 -2598
2300 -2468
3132 -3185
3154 -3370
7 -347
1195 -1377
1319 -1452
1380 -1456
1684 -2697
1964 -2242
2093 -2606
2216 -2482
2302 -2436
2706 -2911
2763 -2835
280 -315
729 -861
993 -1659
2118 -2619
2575 -2586
3516 -3695
211 -272
398 -511
1026 -1902
1086 -1861
1377 -1528
1465 -2347
1688 -1867
1918 -2046
1943 -2229
1960 -2146
1962 -2579
2003 -2110
2129 -2371
2285 -2472
2404 -2446
2475 -2512
2670 -2699
3267 -3416
107 -910
1231 -1635
1303 -1824
1375 -1800
1828 -1907
2103 -2278
2103 -2233
2109 -2477
2275 -2623
2332 -2458
2428 -2604
2550 -2623
3029 -3084
3437 -3502
3518 -3938
261 -271
348 -424
461 -561
1583 -1638
1597 -1799
1646 -1675
1684 -3049
1912 -2271
1943 -2212
1986 -2109
2078 -2261
2087 -2315
2182 -2242
2220 -2339
2286 -2371
2324 -2446
2339 -2507
2423 -2574
2428 -2601
2511 -2516
2669 -3104
2866 -2916
2976 -3320
3089 -3344
3438 -3971
3498 -3728
3506 -3584
3529 -3614
0 -196
31 -304
185 -272
1149 -1467
1302 -1557
1359 -1447
1360 -1615
1399 -1554
1730 -1835
1941 -2323
1962 -2339
2040 -2210
2082 -2120
2199 -2351
2347 -2601
2554 -2611
2716 -2753
2918 -2955
2993 -3090
3024 -3051
3114 -3435
3116 -3422
3545 -3755
116 -144
118 -265
175 -277
373 -388
705 -814
927 -1146
934 -1675
941 -1462
1086 -1488
1110 -1845
1285 -1668
1376 -1622
1392 -1475
1431 -1547
1456 -1471
1465 -2068
1943 -2271
1962 -2619
1986 -2374
1989 -2499
2046 -2083
2098 -2376
2194 -2588
2309 -2392
2326 -2590
2386 -2655
2578 -2655
2916 -3348
2920 -3004
3437 -3690
3506 -3646
703 -838
974 -1228
1183 -1338
1219 -1827
1235 -1764
1367 -1612
1597 -1707
1622 -1845
1718 -2239
1918 -2549
1945 -2537
1953 -2074
2004 -2648
2073 -2334
2086 -2482
2108 -2593
2112 -2520
2233 -2433
2266 -2619
2663 -3137
2743 -3023
2833 -3272
2926 -3427
2991 -3113
3152 -3172
3240 -3335
3347 -3351
3629 -3977
7 -65
360 -565
395 -514
616 -622
925 -1222
946 -1750
1048 -1522
1112 -1250
1177 -1889
1298 -1381
1614 -1867
1622 -1768
1946 -2410
1953 -1979
2006 -2171
2132 -2419
2200 -2625
2229 -2578
2240 -2542
2359 -2655
2768 -3302
2789 -3231
2839 -3119
2877 -2909
2894 -3017
2987 -3026
3087 -3136
3176 -3356
3351 -3431
3491 -3966
150 -189
172 -331
727 -830
906 -1048
968 -1052
995 -1460
999 -1222
1014 -1459
1073 -1908
1079 -1621
1294 -1766
1420 -1721
1451 -1515
1456 -1796
1677 -1679
1684 -2930
1703 -1840
1735 -1757
1804 -1888
2056 -2526
2058 -2492
2060 -2369
2076 -2170
2090 -2446
2189 -2471
2262 -2350
2266 -2429
2418 -2593
2438 -2451
2473 -2608
2742 -3391
2800 -3250
2875 -2937
2905 -3078
2937 -3406
2941 -3068
2977 -3029
3035 -3335
3035 -3211
3437 -3439
252 -325
353 -487
395 -479
592 -682
765 -779
963 -1097
979 -1177
993 -1101
1135 -1761
1684 -3200
1917 -2408
1943 -2410
1991 -2647
1995 -2001
2007 -2010
2010 -2071
2029 -2438
2039 -2592
2052 -2087
2069 -2154
2088 -2409
2165 -2261
2212 -2275
2253 -2536
2339 -2369
2374 -2554
2376 -2482
2420 -2598
2434 -2438
2681 -3085
3036 -3080
3080 -3104
3237 -3303
3294 -3303
3442 -3907
3591 -3900
3938 -3948
136 -2653
348 -448
799 -814
916 -1613
930 -1122
946 -1196
1026 -1775
1082 -1104
1086 -1799
1158 -1215
1189 -1415
1211 -1643
1235 -1587
1334 -1818
1549 -1671
1563 -1613
1632 -1683
1717 -1752
1947 -2111
1954 -2509
1958 -2284
1983 -2055
1993 -2591
2024 -2636
2064 -2139
2103 -2539
2137 -2282
2142 -2331
2216 -2464
2275 -2611
2279 -2282
2290 -2604
2302 -2543
2308 -2324
2363 -2619
2410 -2560
2430 -2478
2521 -2563
2681 -2944
2839 -2890
2895 -3027
3350 -3386
107 -1207
128 -213
483 -524
927 -1612
980 -1491
1010 -1308
1056 -1861
1079 -1352
1163 -1888
1184 -1620
1250 -1839
1361 -1551
1371 -1533
1465 -2132
1559 -1868
1577 -2413
1865 -1911
1926 -2153
1962 -2213
1983 -2046
2086 -2103
2118 -2308
2127 -2153
2156 -2360
2239 -2247
2278 -2619
2282 -2509
2304 -2384
2313 -2618
2351 -2529
2464 -2575
2507 -2573
2533 -2543
2551 -2602
2718 -2901
2761 -3387
2867 -2986
2894 -3332
2907 -3000
3077 -3366
3086 -3410
3721 -3873
53 -346
363 -1427
408 -536
483 -1464
595 -658
662 -675
862 -3797
898 -1373
942 -1166
982 -1078
995 -1730
1118 -1232
1289 -1612
1483 -1835
1559 -1793
1613 -1712
1684 -2730
1945 -2135
1970 -1981
1984 -2468
2027 -2459
2059 -2329
2062 -2479
2078 -2468
2085 -2296
2090 -2467
2112 -2179
2124 -2356
2132 -2294
2134 -2451
2148 -2384
2180 -2282
2183 -2241
2302 -2465
2331 -2631
2370 -2602
2506 -2550
2696 -3246
2717 -3022
2789 -3045
2823 -3079
2850 -2927
2994 -3433
3090 -3363
3104 -3130
3109 -3345
3120 -3132
3321 -3397
3469 -3825
3722 -3728
107 -1905
107 -1808
107 -1729
107 -1706
107 -1074
188 -315
365 -556
629 -1893
1041 -1541
1044 -1583
1048 -1290
1083 -1639
1191 -1470
1230 -1741
1238 -1809
1611 -1716
1684 -2940
1917 -2073
1941 -2282
1979 -2462
2042 -2543
2044 -2084
2126 -2301
2133 -2224
2134 -2138
2138 -2194
2165 -2607
2229 -2655
2265 -2566
2309 -2334
2336 -2572
2404 -2625
2468 -2550
2501 -2598
2706 -2944
2770 -3146
2773 -3384
2781 -2991
2986 -3022
3068 -3086
3072 -3342
3201 -3291
3201 -3239
3280 -3320
3283 -3325
3636 -3907
3687 -3884
1 -280
27 -324
80 -194
107 -1261
461 -553
526 -1377
537 -545
1048 -1609
1108 -1848
1221 -1628
1284 -1345
1409 -1800
1437 -1839
1531 -1876
1684 -3127
1925 -2229
1939 -2501
1984 -2172
2002 -2081
2020 -2165
2051 -2614
2053 -2338
2069 -2244
2077 -2602
2123 -2559
2124 -2460
2125 -2582
2149 -2368
2172 -2526
2203 -2597
2244 -2485
2249 -2279
2251 -2644
2254 -2598
2266 -2381
2304 -2512
2308 -2630
2408 -2646
2478 -2624
2521 -2624
2549 -2593
2593 -2631
2689 -2917
2815 -2827
3107 -3219
3166 -3238
3437 -3977
3522 -3677
3719 -3770
3980 -4012
4014 -4023
72 -272
128 -172
169 -248
369 -554
515 -557
567 -646
579 -653
954 -1102
1047 -1222
1104 -1716
1115 -1231
1117 -1389
1182 -1603
1195 -1614
1214 -1323
1222 -1547
1338 -1807
1367 -1791
1380 -1388
1425 -1844
1470 -1835
1541 -1770
1587 -1820
1595 -1786
1665 -1730
1684 -1726
1942 -2067
1960 -2166
1962 -2347
2057 -2068
2068 -2128
2087 -2537
2088 -2324
2102 -2273
2107 -2342
2201 -2370
2460 -2607
2500 -2601
2559 -2602
2683 -2743
2783 -3255
2849 -3332
2913 -3224
2989 -3041
3004 -3226
3072 -3329
3253 -3385
4020 -4030
107 -1730
107 -1674
107 -997
200 -274
387 -506
414 -640
483 -614
494 -503
665 -670
690 -784
709 -805
908 -1866
957 -1036
983 -1006
1078 -1888
1085 -1593
1086 -1214
1125 -1810
1201 -1804
1229 -1729
1255 -1757
1307 -1593
1328 -1421
1345 -1515
1388 -1888
1431 -1868
1431 -1826
1577 -2032
1613 -1623
1684 -2870
1721 -1746
1917 -2078
1929 -2329
1993 -2021
2033 -2060
2053 -2223
2083 -2613
2104 -2467
2109 -2625
2145 -2176
2151 -2522
2165 -2655
2190 -2484
2209 -2419
2229 -2606
2233 -2404
2282 -2543
2315 -2333
2339 -2489
2347 -2600
2384 -2649
2681 -2743
2682 -3068
2796 -2991
2854 -3213
2897 -3174
2951 -3168
2955 -3346
2956 -3104
3064 -3232
3078 -3348
3132 -3239
3437 -3939
3684 -3736
3873 -3938
373 -517
589 -664
703 -787
724 -848
997 -1804
997 -1772
997 -1160
1003 -1004
1076 -1612
1125 -1163
1257 -1426
1261 -1292
1426 -1661
1545 -1696
1551 -1662
1600 -1683
1656 -3097
1706 -1729
1917 -2020
1929 -2339
1941 -1964
1980 -2364
1988 -2650
1997 -2551
2030 -2578
2055 -2550
2061 -2202
2063 -2418
2069 -2559
2072 -2461
2095 -2323
2124 -2469
2138 -2385
2180 -2567
2183 -2344
2191 -2471
2276 -2593
2278 -2354
2374 -2623
2420 -2533
2563 -2590
2694 -2946
2694 -2928
2698 -2956
2914 -3194
2973 -3041
2993 -3158
3116 -3214
3437 -3921
3609 -3851
3672 -3872
25 -277
26 -276
62 -200
87 -339
107 -1452
107 -1330
107 -1002
180 -254
280 -322
378 -524
380 -505
455 -504
595 -643
773 -823
927 -1269
978 -1537
981 -1067
988 -1303
1067 -1229
1106 -1630
1199 -1439
1229 -1611
1243 -1528
1259 -1672
1281 -1429
1314 -1798
1336 -1663
1381 -1459
1426 -1715
1503 -1729
1540 -1909
1583 -1628
1684 -3224
1684 -3078
1684 -2742
1688 -1771
1724 -1752
1912 -1973
1921 -2657
1993 -2154
2007 -2196
2030 -2303
2033 -2532
2033 -2131
2072 -2279
2072 -2125
2073 -2261
2084 -2220
2093 -2521
2095 -2601
2104 -2410
2118 -2306
2118 -2253
2131 -2200
2138 -2653
2138 -2368
2144 -2224
2155 -2247
2215 -2372
2244 -2521
2370 -2549
2398 -2471
2666 -2912
2667 -3329
2708 -2845
2723 -3009
2754 -2944
2796 -3204
2868 -3349
2916 -2986
3299 -3403
3640 -3670
1 -322
200 -297
260 -339
422 -614
432 -482
456 -567
474 -557
526 -1882
724 -773
921 -1888
954 -1479
1015 -1277
1052 -1121
1100 -1413
1124 -1522
1135 -1470
1160 -1663
1163 -1833
1195 -1846
1199 -1467
1201 -1868
1207 -1823
1222 -1580
1230 -1484
1272 -1449
1279 -1596
1287 -1329
1336 -1370
1351 -1736
1376 -1528
1465 -2199
1498 -1827
1517 -1580
1613 -1714
1752 -1827
1789 -1888
1918 -2090
1929 -2604
1932 -2592
1932 -2138
1938 -2206
1943 -2077
1945 -1948
1959 -2390
1983 -2552
2028 -2294
2037 -2408
2110 -2222
2118 -2275
2131 -2142
2133 -2416
2164 -2559
2172 -2593
2176 -2328
2180 -2617
2188 -2601
2203 -2589
2234 -2478
2240 -2370
2261 -2359
2279 -2347
2283 -2516
2340 -2630
2384 -2555
2485 -2590
2497 -2503
2563 -2619
2604 -2630
2661 -3397
2683 -2873
2716 -3110
2717 -2839
2718 -3107
2719 -2785
2772 -3342
2781 -3005
2785 -3072
2866 -3339
2906 -3363
2915 -3294
3185 -3434
3455 -3740
3464 -3915
20 -115
107 -1906
173 -549
373 -567
376 -542
484 -1677
526 -1334
619 -633
709 -830
713 -817
805 -847
862 -3779
896 -1732
916 -1662
925 -1735
925 -1663
953 -1622
975 -1104
997 -1613
1025 -1897
1078 -1214
1082 -1257
1083 -1804
1125 -1757
1146 -1551
1204 -1495
1211 -1598
1236 -1275
1275 -1469
1352 -1772
1367 -1520
1373 -1495
1418 -1727
1471 -1839
1475 -1715
1488 -1605
1557 -1864
1573 -1592
1600 -1663
1705 -1719
1747 -1784
1912 -2607
1912 -2132
1940 -2148
1954 -2627
1971 -2369
1986 -2088
1993 -2559
1993 -2118
2037 -2615
2139 -2428
2142 -2387
2180 -2508
2199 -2294
2201 -2546
2216 -2543
2229 -2348
2244 -2539
2297 -2447
2309 -2542
2399 -2463
2448 -2614
2477 -2590
2495 -2602
2499 -2611
2556 -2631
2720 -2973
2833 -3116
2862 -2910
2910 -2919
2945 -3026
2992 -3267
3116 -3267
3118 -3353
3174 -3184
3479 -3883
3510 -3752
57 -92
66 -252
67 -119
79 -188
107 -1505
395 -538
701 -794
1052 -1770
1059 -1243
1072 -1504
1077 -1171
1098 -1511
1196 -1272
1214 -1388
1259 -1507
1269 -1835
1288 -1804
1290 -1754
1337 -1518
1352 -1809
1367 -1741
1367 -1584
1403 -1889
1578 -1871
1583 -1655
1598 -1639
1920 -2468
1932 -2649
1944 -2525
1953 -2020
1979 -2131
2045 -2410
2063 -2334
2077 -2184
2095 -2559
2122 -2290
2148 -2461
2149 -2247
2196 -2598
2233 -2343
2250 -2471
2309 -2604
2339 -2532
2349 -2401
2350 -2615
2354 -2507
2409 -2468
2465 -2588
2558 -2614
2668 -3357
2711 -3077
2712 -3291
2733 -3172
2793 -2939
2800 -3426
2810 -2867
2890 -3294
2931 -3056
2944 -3363
2982 -3008
2986 -3073
2988 -3339
3082 -3172
3273 -3412
3437 -3571
3464 -3829
3530 -3673
3540 -3968
3586 -3760
3679 -3963
107 -1126
172 -239
360 -520
370 -523
462 -512
714 -725
781 -814
916 -1622
917 -1536
919 -1751
978 -1547
995 -1551
1041 -1121
1047 -1811
1072 -1847
1076 -1323
1107 -1839
1148 -1454
1163 -1804
1172 -1580
1191 -1447
1198 -1714
1211 -1683
1214 -1902
1226 -1847
1231 -1284
1281 -1786
1443 -1453
1545 -1762
1612 -1888
1612 -1721
1938 -2093
1945 -2194
1948 -2333
1948 -2163
1961 -2128
2038 -2254
2057 -2530
2083 -2131
2093 -2276
2111 -2609
2155 -2273
2171 -2639
2233 -2275
2242 -2313
2261 -2611
2283 -2468
2407 -2409
2501 -2543
2661 -3049
2667 -2921
2905 -3064
2919 -3054
2976 -3118
3047 -3142
3243 -3363
3303 -3315
3437 -3765
3473 -3567
3486 -3826
3577 -3609
3640 -3884
3701 -3975
3731 -3736
3790 -3832
39 -119
49 -241
107 -1381
117 -280
119 -339
658 -662
906 -1205
968 -1711
980 -1775
981 -1322
1006 -1238
1092 -1485
1102 -1459
1172 -1331
1199 -1352
1250 -1603
1256 -1330
1327 -1909
1373 -1638
1376 -1811
1547 -1736
1548 -1601
1610 -1809
1612 -1833
1642 -2693
1684 -2704
1753 -1768
1912 -2600
1912 -2367
1912 -2222
1912 -2208
1912 -2017
1922 -2424
1940 -2196
1955 -2144
1963 -2121
1964 -2268
1975 -2193
2002 -2475
2005 -2200
2039 -2598
2062 -2592
2073 -2084
2074 -2218
2101 -2282
2122 -2604
2150 -2430
2180 -2451
2189 -2608
2237 -2586
2257 -2356
2299 -2430
2351 -2543
2384 -2385
2440 -2497
2509 -2537
2661 -3198
2726 -2837
2755 -3084
2786 -2910
2796 -2939
2823 -2828
2866 -2928
2932 -3395
2951 -3017
3010 -3030
3019 -3051
3053 -3105
3073 -3114
3437 -3491
3442 -3791
3455 -3663
3702 -3824
3734 -3962
3755 -3830
3762 -3930
53 -191
92 -196
107 -1418
204 -242
357 -551
370 -540
400 -641
416 -537
425 -477
428 -463
469 -540
497 -559
637 -1025
705 -835
718 -770
896 -1404
901 -1787
930 -1210
947 -1888
966 -1886
977 -1306
978 -1874
1004 -1735
1029 -1487
1101 -1868
1114 -1882
1116 -1800
1117 -1153
1146 -1540
1149 -1377
1169 -1249
1278 -1688
1291 -1736
1344 -1597
1448 -1596
1449 -1707
1483 -1665
1487 -1545
1513 -1622
1589 -1753
1590 -1782
1612 -1761
1684 -2799
1746 -1796
1940 -2246
1941 -2451
1941 -2229
1941 -2002
1944 -2540
1962 -2020
2039 -2267
2054 -2279
2064 -2339
2074 -2607
2091 -2236
2109 -2374
2112 -2578
2153 -2420
2180 -2498
2187 -2384
2188 -2407
2189 -2589
2268 -2364
2323 -2611
2326 -2520
2352 -2423
2368 -2471
2460 -2564
2510 -2516
2521 -2638
2532 -2590
2575 -2606
2579 -2655
2601 -2604
2661 -2778
2742 -3021
2754 -2915
2770 -3434
2897 -3303
2969 -3324
2992 -3419
3002 -3087
3193 -3234
3213 -3363
3274 -3375
3437 -3684
3465 -3579
3466 -3726
3596 -3790
3757 -3837
57 -249
98 -265
107 -1096
216 -243
348 -537
349 -478
362 -460
395 -524
407 -455
431 -475
475 -481
635 -658
658 -675
686 -689
701 -834
857 -868
916 -1718
917 -1894
924 -1906
953 -997
971 -1786
978 -1791
980 -1659
980 -1048
993 -1243
1000 -1667
1132 -1522
1198 -1752
1256 -1712
1295 -1785
1344 -1600
1360 -1511
1376 -1612
1384 -1774
1509 -1746
1516 -1522
1523 -1811
1565 -1645
1570 -1891
1583 -1680
1596 -1873
1600 -1789
1613 -1821
1684 -2779
1698 -1847
1809 -1879
1926 -1947
1943 -2624
1954 -2338
1973 -2284
1986 -2469
2004 -2626
2025 -2202
2087 -2282
2110 -2434
2122 -2229
2124 -2586
2127 -2533
2127 -2203
2131 -2654
2136 -2625
2153 -2475
2154 -2165
2172 -2549
2241 -2283
2243 -2266
2258 -2404
2270 -2642
2282 -2377
2326 -2467
2337 -2346
2347 -2506
2394 -2617
2399 -2512
2407 -2542
2666 -2915
2679 -3004
2683 -3080
2742 -3355
2761 -2763
2793 -3252
2866 -2911
2874 -3073
3018 -3346
3019 -3295
3054 -3348
3198 -3291
3199 -3337
3225 -3281
3239 -3320
3320 -3332
3503 -3785
3526 -3862
3577 -3877
4004 -4020
0 -188
75 -85
101 -187
223 -271
395 -414
474 -531
566 -676
821 -836
934 -1352
958 -1493
960 -1040
965 -1188
967 -1522
967 -1420
1014 -1281
1014 -1261
1023 -1073
1032 -1247
1042 -1225
1045 -1337
1104 -1841
1110 -1813
1153 -1471
1191 -1431
1215 -1783
1219 -1222
1243 -1861
1307 -1494
1339 -1632
1436 -1472
1447 -1761
1545 -1743
1636 -1899
1643 -1714
1662 -1835
1689 -1750
1716 -1824
1747 -1837
1912 -1964
1916 -2042
1920 -2315
1947 -2279
1983 -2546
1983 -2492
2041 -2321
2102 -2153
2139 -2607
2161 -2394
2203 -2239
2220 -2462
2253 -2564
2259 -2394
2323 -2553
2417 -2537
2423 -2630
2467 -2600
2532 -2549
2561 -2590
2672 -2894
2716 -3106
2894 -2991
2938 -3369
2991 -3239
3042 -3095
3053 -3216
3118 -3160
3291 -3345
3390 -3394
3437 -3728
3448 -3693
3450 -3737
3496 -3550
3553 -3629
3734 -3788
3836 -3964
56 -169
56 -134
101 -266
107 -1385
107 -1367
596 -1229
708 -869
718 -827
804 -861
816 -833
922 -1130
959 -1063
1005 -1259
1014 -1282
1025 -1324
1028 -1589
1036 -1859
1078 -1230
1125 -1799
1130 -1839
1136 -1410
1156 -1898
1183 -1783
1235 -1576
1275 -1473
1306 -1738
1367 -1644
1389 -1570
1409 -1488
1416 -1554
1422 -1808
1435 -1827
1491 -1547
1508 -1751
1522 -1663
1577 -2498
1578 -1716
1644 -1730
1662 -1668
1669 -1799
1704 -1871
1751 -1893
1783 -1812
1948 -2134
1992 -2320
2010 -2399
2020 -2140
2028 -2510
2031 -2473
2032 -2224
2049 -2488
2073 -2184
2083 -2108
2088 -2586
2090 -2428
2095 -2233
2123 -2210
2126 -2405
2131 -2563
2199 -2377
2206 -2611
2228 -2342
2233 -2258
2266 -2414
2290 -2484
2299 -2492
2324 -2484
2347 -2472
2361 -2488
2364 -2648
2428 -2638
2471 -2608
2494 -2626
2564 -2578
2597 -2643
2738 -3293
2742 -2989
2770 -3152
2871 -3038
2877 -2969
2897 -3363
2897 -3232
2910 -3056
2912 -3033
2944 -3243
2944 -2956
2966 -3390
2974 -3339
3060 -3403
3070 -3297
3082 -3201
3152 -3169
3320 -3367
3460 -3881
3465 -3975
3468 -3823
3476 -3957
3488 -3913
3501 -3721
3559 -3877
3602 -3945
3828 -3838
107 -1251
221 -322
271 -280
348 -416
413 -445
417 -493
446 -487
896 -1108
963 -1378
1017 -1736
1080 -1122
1086 -1823
1123 -1185
1126 -1909
1173 -1447
1173 -1331
1191 -1205
1198 -1652
1199 -1791
1242 -1390
1287 -1456
1289 -1437
1317 -1567
1352 -1804
1457 -1826
1465 -2292
1489 -1704
1505 -3205
1551 -1877
1559 -1663
1637 -1888
1912 -2210
1917 -2307
1921 -2639
1925 -2218
1927 -2061
1940 -2133
1946 -2526
1962 -2165
1973 -2459
1983 -2300
1985 -2103
1986 -2323
2012 -2364
2029 -2294
2046 -2408
2054 -2125
2074 -2140
2109 -2446
2112 -2430
2118 -2257
2149 -2224
2153 -2377
2188 -2220
2198 -2283
2235 -2304
2238 -2341
2246 -2509
2271 -2275
2278 -2395
2287 -2370
2290 -2339
2327 -2343
2348 -2492
2359 -2477
2394 -2471
2419 -2519
2445 -2567
2484 -2574
2667 -3087
2742 -3297
2742 -3116
2796 -3185
2909 -3033
2914 -3276
2915 -3304
2915 -3078
2925 -3426
3023 -3052
3035 -3297
3053 -3122
3081 -3365
3106 -3224
3131 -3251
3237 -3284
3362 -3417
3437 -3602
3437 -3568
3519 -3918
3549 -3863
3629 -3835
3667 -3886
3714 -3803
3873 -3943
3875 -3887
94 -254
107 -1644
107 -1086
107 -937
107 -580
136 -2009
182 -253
188 -200
213 -332
239 -252
376 -553
510 -513
531 -568
719 -733
727 -847
728 -809
747 -792
781 -817
874 -887
927 -1835
967 -1753
980 -1584
988 -1655
1011 -1072
1017 -1126
1029 -1086
1039 -1619
1066 -1716
1083 -1086
1126 -1207
1130 -1376
1166 -1824
1205 -1608
1290 -1791
1312 -1570
1329 -1750
1339 -1737
1360 -1553
1377 -1621
1431 -1619
1435 -1877
1500 -1785
1529 -1709
1530 -1580
1551 -1717
1559 -1782
1580 -1804
1597 -1632
1683 -1717
1684 -3339
1730 -1842
1737 -1799
1810 -1888
1912 -2639
1912 -2217
1912 -2112
1946 -2386
1946 -2040
1947 -2415
1959 -2511
1959 -2293
1965 -2289
1983 -2201
1986 -2423
2041 -2456
2055 -2229
2061 -2627
2062 -2603
2064 -2352
2069 -2499
2088 -2563
2110 -2142
2124 -2233
2126 -2570
2131 -2201
2135 -2643
2135 -2384
2148 -2351
2161 -2473
2200 -2376
2257 -2307
2266 -2623
2275 -2543
2331 -2542
2657 -2658
2664 -2698
2719 -3106
2730 -2819
2781 -3326
2781 -3150
2843 -3255
2863 -2939
2915 -3090
2936 -3015
2964 -3057
3019 -3380
3100 -3295
3201 -3277
3437 -3621
3437 -3442
3486 -3969
3579 -3759
3593 -3931
3628 -3857
3741 -3877
67 -342
99 -102
107 -1049
233 -256
239 -276
348 -482
348 -392
412 -537
414 -582
423 -456
581 -642
908 -1588
978 -1849
997 -1622
1026 -1835
1070 -1228
1086 -1722
1094 -1831
1125 -1888
1128 -1620
1167 -1355
1179 -1512
1192 -1578
1272 -1402
1277 -1459
1281 -1720
1389 -1637
1423 -1899
1565 -1766
1589 -1799
1621 -1765
1652 -1795
1685 -1730
1824 -1893
1912 -2615
1912 -2273
1917 -2407
1918 -2073
1941 -2150
1946 -2210
1970 -2652
1979 -1985
1983 -2560
1994 -2543
2001 -2660
2022 -2472
2033 -2056
2040 -2164
2045 -2188
2055 -2506
2073 -2374
2074 -2150
2091 -2260
2131 -2613
2143 -2451
2149 -2169
2174 -2343
2206 -2607
2212 -2353
2232 -2594
2275 -2564
2334 -2433
2347 -2604
2347 -2489
2353 -2575
2520 -2561
2561 -2619
2583 -2647
2661 -2828
2667 -3214
2690 -3020
2728 -3295
2730 -3191
2757 -3078
2782 -2806
2906 -2908
2972 -3008
2974 -3056
3023 -3193
3137 -3149
3261 -3298
3437 -3881
3558 -3969
3566 -3723
3574 -3605
3576 -3731
3604 -3640
3713 -3802
3719 -3927
3736 -3830
3845 -3851
0 -186
38 -117
41 -111
107 -1314
135 -309
186 -277
239 -265
370 -388
373 -561
483 -515
614 -669
622 -684
634 -647
718 -834
804 -888
896 -989
903 -1333
906 -1653
915 -1142
933 -1502
934 -1508
949 -1536
1014 -1303
1017 -1845
1040 -1456
1078 -1612
1085 -1165
1104 -1158
1108 -1515
1122 -1574
1128 -1589
1139 -1338
1166 -1373
1180 -1470
1184 -1250
1269 -1608
1329 -1559
1377 -1842
1431 -1614
1470 -1570
1499 -1546
1551 -1867
1577 -2529
1612 -1717
1714 -1796
1730 -1765
1806 -1866
1923 -2511
1955 -2279
1955 -2053
1970 -2333
1979 -2391
1980 -2585
1983 -2428
1987 -2138
2005 -2408
2046 -2495
2054 -2127
2060 -2121
2086 -2266
2111 -2479
2124 -2623
2150 -2625
2150 -2532
2151 -2616
2154 -2504
2154 -2418
2163 -2328
2213 -2564
2309 -2339
2315 -2597
2324 -2591
2330 -2649
2359 -2482
2491 -2594
2543 -2602
2665 -3406
2741 -2862
2753 -2992
2755 -3158
2793 -3316
2862 -2946
2904 -3046
2909 -2927
2951 -3321
2953 -3119
2976 -3287
3101 -3169
3182 -3262
3196 -3330
3273 -3373
3448 -3596
3538 -3657
3594 -3898
3918 -3975
0 -177
0 -19
67 -122
130 -346
272 -281
348 -384
355 -519
360 -395
374 -591
483 -1495
651 -936
653 -677
734 -849
758 -793
766 -830
903 -1533
917 -1733
925 -1669
968 -1536
1003 -1075
1011 -1541
1024 -1584
1033 -1908
1048 -1590
1099 -1894
1113 -1320
1117 -1665
1117 -1554
1125 -1351
1132 -1185
1143 -1418
1154 -1295
1184 -1685
1191 -1516
1199 -1796
1274 -1656
1305 -1590
1309 -1893
1335 -1522
1427 -1661
1431 -1590
1482 -1770
1507 -1667
1520 -1799
1542 -1712
1551 -1819
1572 -1730
1587 -1591
1596 -1682
1643 -1835
1718 -2511
1912 -2601
1912 -2547
1912 -2229
1912 -2109
1920 -2328
1941 -2578
1962 -2578
1963 -2655
1966 -2552
1971 -2499
1989 -2352
2002 -2516
2037 -2542
2038 -2471
2040 -2464
2043 -2573
2054 -2075
2059 -2216
2060 -2233
2061 -2297
2083 -2374
2088 -2630
2116 -2660
2139 -2184
2150 -2554
2174 -2508
2189 -2319
2253 -2395
2275 -2299
2317 -2440
2369 -2469
2376 -2532
2392 -2592
2560 -2573
2729 -3384
2754 -2839
2796 -3145
2851 -3114
2907 -2928
2969 -3000
2989 -3089
3000 -3238
3021 -3332
3022 -3166
3104 -3364
3176 -3285
3359 -3412
3437 -3667
3456 -3734
3491 -3838
3495 -3697
3539 -3724
3633 -3938
3718 -3822
0 -224
60 -158
161 -199
353 -1790
390 -450
397 -426
414 -605
483 -1828
606 -1012
754 -821
773 -774
793 -849
909 -955
962 -1487
963 -1880
988 -1190
1009 -1229
1024 -1668
1032 -1591
1070 -1225
1078 -1092
1098 -1719
1159 -1221
1173 -1698
1173 -1604
1175 -1467
1225 -1299
1230 -1835
1267 -1613
1269 -1460
1284 -1764
1303 -1495
1305 -1352
1309 -1583
1320 -1695
1330 -1377
1376 -1888
1429 -1844
1446 -1565
1447 -1612
1491 -1839
1503 -1794
1520 -1613
1542 -1868
1598 -1652
1604 -1843
1622 -1851
1637 -1714
1684 -3395
1714 -1823
1741 -1888
1749 -1785
1783 -1828
1912 -2622
1912 -2561
1941 -2319
1951 -2378
1953 -2073
1954 -2196
1962 -1979
1966 -2266
1980 -1998
2030 -2090
2043 -2266
2048 -2296
2077 -2340
2087 -2351
2088 -2619
2090 -2323
2104 -2407
2122 -2348
2140 -2468
2144 -2174
2172 -2418
2180 -2377
2180 -2344
2188 -2551
2229 -2323
2289 -2384
2324 -2581
2331 -2559
2333 -2582
2387 -2460
2661 -3154
2679 -3142
2679 -2986
2681 -2757
2689 -3324
2726 -3392
2754 -3362
2769 -2807
2772 -3027
2780 -3247
2800 -3400
2849 -2904
2862 -2864
2956 -3166
2960 -3232
2990 -3207
2992 -3330
3014 -3362
3081 -3196
3102 -3265
3145 -3199
3151 -3409
3200 -3354
3224 -3299
3320 -3406
3437 -3955
3505 -3722
3584 -3893
3636 -3921
3680 -3711
3734 -3830
3740 -3815
3889 -3938
3926 -3938
67 -304
107 -1378
107 -960
110 -264
136 -1951
180 -346
348 -527
363 -517
366 -475
373 -425
387 -503
391 -544
391 -493
405 -418
422 -636
465 -475
553 -566
559 -591
686 -735
908 -1593
946 -1539
952 -1572
952 -1557
953 -1086
959 -983
978 -1205
989 -1413
1041 -1348
1070 -1152
1076 -1222
1116 -1269
1120 -1636
1125 -1827
1125 -1589
1175 -1707
1198 -1768
1277 -1426
1300 -1574
1312 -1714
1352 -1861
1370 -1471
1377 -1730
1391 -1832
1399 -1556
1423 -1479
1431 -1689
1465 -2148
1489 -1783
1520 -1551
1530 -1714
1532 -1886
1559 -1891
1569 -1703
1573 -1715
1576 -1636
1648 -1895
1684 -3098
1684 -2844
1687 -1825
1719 -1803
1766 -1881
1916 -2132
1918 -2348
1920 -1994
1926 -2149
1945 -2345
2004 -2657
2040 -2615
2059 -2109
2070 -2644
2090 -2104
2093 -2646
2098 -2278
2102 -2332
2111 -2616
2135 -2282
2220 -2507
2229 -2469
2309 -2507
2309 -2356
2313 -2317
2340 -2556
2352 -2574
2410 -2564
2419 -2525
2463 -2589
2463 -2510
2500 -2578
2521 -2623
2594 -2598
2607 -2623
2664 -3363
2683 -2854
2698 -2749
2730 -2812
2738 -2864
2742 -2904
2751 -2841
2753 -2937
2756 -3417
2763 -2880
2765 -3277
2770 -3101
2867 -2907
2927 -3348
2936 -3224
3017 -3378
3042 -3114
3077 -3162
3089 -3403
3107 -3117
3111 -3280
3132 -3419
3187 -3337
3188 -3277
3201 -3280
3263 -3266
3437 -3575
3437 -3452
3468 -3878
3496 -3672
3554 -3752
3558 -3909
3567 -3868
3573 -3852
3577 -3656
3693 -3971
3980 -3985
3994 -4019
107 -1516
107 -566
226 -333
363 -497
373 -413
376 -490
438 -561
466 -481
479 -513
493 -545
686 -726
687 -739
694 -847
771 -806
812 -815
924 -1236
932 -1420
948 -1332
948 -1313
967 -1768
980 -993
1055 -1779
1070 -1306
1076 -1689
1092 -1124
1160 -1180
1250 -1793
1265 -1484
1268 -1343
1289 -1791
1343 -1525
1431 -1564
1445 -1702
1467 -1757
1468 -1880
1521 -1911
1530 -1813
1551 -1604
1576 -1655
1604 -1665
1800 -1819
1912 -2139
1912 -2038
1916 -1939
1918 -2300
1923 -2328
1943 -2521
1943 -2172
1943 -1953
1946 -2446
1963 -2542
1980 -2640
1987 -2047
2030 -2084
2037 -2536
2081 -2396
2088 -2578
2102 -2384
2108 -2606
2118 -2638
2142 -2638
2184 -2410
2186 -2367
2188 -2542
2192 -2585
2200 -2485
2226 -2498
2239 -2372
2261 -2574
2266 -2462
2304 -2328
2346 -2633
2354 -2539
2374 -2504
2526 -2564
2543 -2564
2670 -2972
2675 -3369
2679 -2910
2730 -3221
2733 -3079
2789 -2944
2809 -3090
2833 -3239
2865 -3081
2909 -2953
2976 -3386
3027 -3140
3224 -3239
3320 -3347
3706 -3869
3725 -3819
3828 -3966
3836 -3899
3860 -3938
3869 -3870
3938 -3971
3 -170
7 -291
39 -69
107 -1797
107 -1504
354 -531
407 -458
414 -610
421 -444
457 -459
483 -671
492 -553
496 -566
592 -672
689 -702
738 -805
907 -1047
916 -1522
917 -1204
955 -1045
959 -1619
1025 -1536
1079 -1351
1117 -1791
1124 -1214
1128 -1242
1149 -1653
1149 -1538
1149 -1272
1153 -1620
1195 -1835
1232 -1733
1267 -1621
1269 -1823
1280 -1535
1290 -1833
1302 -1827
1302 -1750
1302 -1449
1315 -1655
1327 -1523
1341 -1665
1376 -1737
1409 -1712
1416 -1557
1431 -1559
1447 -1717
1449 -1769
1467 -1843
1542 -1665
1556 -1810
1575 -1727
1609 -1768
1610 -1621
1684 -3276
1715 -1720
1736 -1888
1793 -1864
1926 -1941
1939 -2294
1940 -2502
1940 -1954
1943 -2607
1947 -2617
1962 -2356
1976 -2171
1986 -2600
1986 -2140
1993 -2500
2012 -2365
2033 -2482
2047 -2416
2047 -2193
2077 -2078
2095 -2150
2102 -2169
2103 -2326
2112 -2601
2112 -2340
2123 -2611
2133 -2155
2151 -2246
2208 -2560
2218 -2309
2220 -2261
2223 -2643
2276 -2460
2307 -2561
2339 -2600
2347 -2492
2362 -2525
2374 -2386
2414 -2482
2430 -2485
2495 -2563
2495 -2552
2549 -2590
2719 -3252
2724 -3068
2737 -2937
2754 -3284
2755 -3250
2778 -3039
2787 -2932
2806 -2839
2815 -2911
2832 -3027
2848 -3405
2870 -3001
2874 -3135
2897 -2909
2901 -3116
2928 -3029
2929 -3435
2939 -3148
2950 -3150
3026 -3139
3113 -3347
3185 -3385
3327 -3421
3486 -3951
3521 -3722
3579 -3837
21 -248
25 -51
88 -336
107 -1840
107 -1746
363 -385
376 -461
713 -844
733 -829
745 -774
897 -1256
903 -1648
962 -1831
981 -1502
984 -1820
993 -1447
1006 -1399
1011 -1504
1020 -1893
1026 -1367
1059 -1623
1067 -1716
1079 -1795
1083 -1185
1101 -1230
1107 -1153
1122 -1358
1132 -1799
1160 -1665
1184 -1688
1205 -1793
1221 -1807
1222 -1437
1230 -1723
1230 -1393
1370 -1483
1427 -1763
1447 -1542
1467 -1589
1471 -1717
1502 -1587
1577 -2285
1630 -1686
1661 -1848
1683 -1752
1750 -1902
1761 -1897
1918 -2098
1918 -2093
1919 -1973
1932 -2643
1941 -2607
1946 -2063
1946 -2033
1951 -2027
1954 -2294
1955 -2294
1959 -2385
1959 -1970
1972 -2027
1979 -2460
1995 -2620
2030 -2326
2043 -2218
2045 -2506
2047 -2598
2047 -2066
2054 -2144
2056 -2212
2059 -2098
2071 -2332
2074 -2275
2084 -2561
2103 -2638
2110 -2111
2129 -2488
2139 -2363
2140 -2233
2141 -2637
2148 -2247
2212 -2404
2216 -2266
2259 -2543
2267 -2567
2267 -2283
2290 -2646
2309 -2414
2331 -2526
2363 -2386
2366 -2612
2367 -2635
2372 -2445
2409 -2601
2464 -2655
2729 -3400
2731 -3084
2731 -2988
2770 -2863
2773 -2988
2778 -2781
2806 -2867
2828 -3060
2833 -3332
2849 -3152
3022 -3054
3035 -3247
3042 -3257
3096 -3339
3099 -3329
3188 -3260
3199 -3378
3277 -3416
3280 -3381
3437 -3691
3537 -3664
3633 -3651
3862 -3867
9 -79
53 -196
75 -258
103 -271
104 -277
107 -1400
112 -174
115 -137
170 -323
348 -381
353 -567
363 -1844
363 -388
388 -513
404 -506
414 -659
422 -579
423 -669
423 -537
431 -462
475 -1692
506 -525
731 -752
903 -1493
915 -1425
916 -1632
916 -1063
939 -1829
953 -1637
959 -1456
989 -1082
997 -1813
999 -1471
1041 -1507
1079 -1390
1086 -1235
1107 -1538
1115 -1345
1120 -1459
1124 -1663
1124 -1604
1126 -1736
1146 -1726
1146 -1621
1156 -1211
1192 -1655
1209 -1644
1222 -1842
1255 -1675
1255 -1637
1330 -1800
1373 -1729
1409 -1580
1433 -1567
1437 -1793
1449 -1556
1475 -1576
1485 -1659
1504 -1507
1524 -1800
1530 -1902
1636 -1820
1757 -1761
1765 -1842
1787 -1892
1800 -1816
1914 -2061
1920 -2151
1954 -2491
1960 -2317
1970 -2155
1972 -2459
1993 -2287
2001 -2640
2022 -2297
2045 -2353
2045 -2340
2053 -2491
2063 -2482
2075 -2438
2086 -2309
2108 -2266
2117 -2372
2118 -2607
2121 -2601
2121 -2409
2132 -2458
2133 -2377
2140 -2409
2146 -2162
2150 -2433
2174 -2279
2179 -2363
2209 -2480
2211 -2325
2213 -2630
2247 -2398
2292 -2400
2299 -2324
2352 -2561
2359 -2600
2395 -2611
2414 -2601
2462 -2526
2473 -2598
2666 -2717
2673 -3436
2716 -3038
2719 -3381
2724 -3001
2734 -3343
2736 -2771
2754 -2908
2783 -2819
2806 -3324
2816 -2843
2823 -3267
2839 -3433
2846 -3109
2866 -2877
2874 -2928
2915 -2966
2937 -3206
2953 -3362
2956 -3364
3000 -3166
3009 -3214
3026 -3384
3035 -3150
3058 -3299
3132 -3277
3136 -3214
3162 -3366
3253 -3327
3437 -3934
3437 -3823
3450 -3838
3506 -3826
3510 -3945
3515 -3829
3567 -3739
3706 -3793
3718 -3792
3797 -3886
3837 -3957
3841 -3950
0 -274
0 -168
98 -203
107 -1598
107 -1515
107 -1395
107 -1372
238 -261
242 -330
363 -492
376 -570
382 -555
409 -512
436 -673
580 -1313
582 -662
618 -685
632 -658
686 -690
726 -805
772 -827
804 -863
896 -1595
896 -1379
916 -1305
933 -1273
947 -1491
952 -1290
952 -1185
960 -1612
977 -1482
999 -1532
1003 -1752
1030 -1252
1054 -1092
1086 -1571
1107 -1156
1111 -1788
1113 -1767
1124 -1898
1126 -1255
1132 -1604
1155 -1637
1205 -1483
1245 -1783
1256 -1833
1278 -1800
1310 -1686
1312 -1736
1327 -1352
1334 -1794
1376 -1902
1410 -1676
1424 -1548
1456 -1757
1467 -1662
1483 -1619
1516 -1663
1516 -1604
1577 -2183
1598 -1867
1613 -1662
1653 -1867
1655 -1682
1684 -2816
1845 -1902
1878 -1882
1918 -2299
1920 -1987
1925 -2552
1946 -2213
1971 -2423
1985 -2354
1985 -1989
1998 -2225
1999 -2171
2010 -2351
2020 -2124
2028 -2149
2030 -2542
2047 -2379
2059 -2212
2071 -2267
2071 -2250
2090 -2550
2092 -2271
2105 -2236
2108 -2638
2132 -2509
2135 -2194
2142 -2212
2150 -2551
2162 -2238
2180 -2302
2187 -2458
2190 -2615
2220 -2500
2220 -2324
2253 -2492
2258 -2376
2271 -2308
2291 -2406
2299 -2369
2326 -2624
2333 -2420
2368 -2498
2376 -2600
2381 -2500
2381 -2409
2449 -2611
2675 -2833
2706 -3293
2715 -3027
2716 -3434
2726 -3090
2748 -3397
2755 -2905
2757 -2916
2846 -3089
2854 -2969
2863 -3016
2864 -3417
2914 -3188
2957 -3011
3051 -3291
3052 -3384
3110 -3302
3219 -3256
3277 -3397
3394 -3426
3437 -3784
3438 -3501
3455 -3599
3471 -3845
3562 -3649
3593 -3631
3599 -3867
3604 -3734
3728 -3735
3822 -3969
3851 -3966
0 -41
212 -239
350 -407
363 -525
400 -432
422 -592
506 -559
641 -1744
694 -848
703 -747
711 -810
908 -1360
917 -965
921 -1842
925 -1175
988 -1322
1017 -1074
1020 -1102
1021 -1227
1054 -1613
1074 -1620
1112 -1572
1117 -1598
1126 -1598
1132 -1509
1132 -1330
1191 -1243
1195 -1621
1195 -1563
1219 -1289
1222 -1804
1250 -1752
1266 -1905
1272 -1613
1289 -1795
1312 -1637
1329 -1685
1333 -1533
1367 -1867
1376 -1547
1378 -1533
1431 -1621
1447 -1842
1487 -1536
1489 -1850
1519 -1832
1525 -1541
1554 -1741
1564 -1675
1577 -2028
1597 -1612
1603 -1879
1612 -1652
1672 -1783
1684 -2690
1687 -1866
1912 -2514
1918 -2326
1925 -2578
1929 -1983
1938 -2460
1938 -2190
1941 -2247
1953 -2206
1972 -2389
1986 -2586
1986 -2083
2009 -2268
2037 -2109
2056 -2095
2059 -2630
2059 -2495
2067 -2154
2077 -2564
2088 -2576
2093 -2630
2104 -2359
2149 -2246
2161 -2280
2164 -2257
2169 -2187
2172 -2574
2180 -2398
2196 -2241
2197 -2313
2198 -2319
2201 -2446
2235 -2274
2237 -2601
2237 -2381
2239 -2588
2240 -2553
2241 -2512
2241 -2451
2257 -2446
2276 -2309
2282 -2344
2336 -2511
2381 -2573
2463 -2547
2464 -2542
2543 -2609
2570 -2587
2675 -3171
2680 -2891
2681 -2862
2682 -3366
2699 -3318
2706 -3414
2718 -3418
2719 -3287
2733 -3262
2741 -3234
2745 -2909
2754 -2956
2774 -2817
2782 -2911
2794 -3158
2800 -2974
2827 -2890
2835 -3348
2839 -3064
2854 -2864
2894 -3173
2912 -2927
2918 -3256
2921 -3214
2937 -3145
3026 -3303
3057 -3061
3082 -3411
3083 -3322
3116 -3396
3120 -3277
3437 -3646
3475 -3948
3475 -3672
3528 -3596
3553 -3728
3577 -3830
3607 -3644
3782 -3947
3784 -3906
0 -276
2 -333
5 -158
14 -149
104 -203
107 -1670
107 -1582
107 -1380
152 -275
257 -272
359 -547
361 -530
368 -412
373 -390
374 -565
412 -645
455 -531
596 -1311
686 -700
695 -766
698 -800
711 -784
859 -885
936 -1673
941 -1820
946 -1712
948 -1801
953 -1730
958 -1548
968 -1444
978 -1439
980 -1689
999 -1352
1003 -1652
1004 -1799
1026 -1420
1041 -1469
1076 -1717
1080 -1882
1080 -1427
1083 -1746
1084 -1470
1090 -1236
1100 -1235
1101 -1471
1104 -1691
1132 -1199
1137 -1784
1149 -1879
1149 -1799
1156 -1470
1156 -1390
1173 -1813
1199 -1205
1201 -1447
1221 -1275
1237 -1320
1247 -1794
1281 -1783
1334 -1761
1357 -1692
1407 -1685
1419 -1437
1420 -1637
1496 -1770
1522 -1886
1542 -1619
1547 -1554
1566 -1731
1644 -1827
1645 -1679
1668 -1761
1684 -3249
1724 -1800
1800 -1864
1803 -1847
1964 -2126
1984 -2229
1984 -2190
1986 -2408
2005 -2550
2046 -2543
2056 -2464
2056 -2278
2060 -2064
2061 -2626
2078 -2602
2087 -2336
2090 -2326
2101 -2438
2103 -2172
2121 -2433
2132 -2222
2156 -2251
2184 -2564
2190 -2611
2222 -2377
2224 -2555
2276 -2352
2285 -2351
2288 -2350
2289 -2336
2290 -2579
2292 -2451
2346 -2364
2347 -2630
2352 -2354
2363 -2433
2363 -2374
2381 -2607
2398 -2547
2469 -2602
2525 -2540
2529 -2610
2542 -2593
2669 -2985
2673 -3363
2697 -3288
2698 -2966
2701 -2976
2702 -2748
2730 -3289
2755 -2985
2765 -3397
2770 -3169
2777 -2916
2797 -2894
2849 -3316
2869 -3351
2890 -3014
2915 -2967
2955 -3327
2960 -3399
3086 -3154
3145 -3280
3203 -3224
3207 -3223
3232 -3387
3277 -3378
3437 -3814
3437 -3560
3443 -3645
3452 -3603
3476 -3708
3498 -3722
3517 -3577
3535 -3782
3545 -3838
3574 -3596
3576 -3577
3596 -3734
3599 -3615
3610 -3660
0 -150
9 -30
136 -2643
136 -2494
142 -322
348 -553
348 -543
367 -504
444 -460
475 -500
500 -517
511 -559
515 -641
561 -669
578 -635
597 -603
729 -876
733 -786
747 -793
777 -824
867 -874
906 -1688
925 -1617
931 -1671
932 -1483
942 -1404
946 -1312
947 -1832
959 -1163
969 -1732
1017 -1563
1036 -1345
1067 -1298
1074 -1199
1109 -1188
1125 -1584
1126 -1128
1155 -1179
1166 -1703
1166 -1338
1199 -1331
1204 -1229
1222 -1267
1237 -1800
1258 -1584
1269 -1757
1315 -1875
1317 -1656
1331 -1622
1335 -1712
1344 -1524
1358 -1660
1370 -1723
1377 -1589
1390 -1877
1398 -1799
1419 -3410
1454 -1503
1482 -1869
1526 -1878
1532 -1833
1571 -1604
1584 -1752
1600 -1610
1619 -1861
1621 -1746
1684 -2963
1721 -1888
1781 -1830
1912 -2448
1912 -2194
1917 -2086
1918 -2121
1920 -2543
1926 -2285
1941 -2071
1946 -1993
1954 -2620
1955 -2032
1959 -2394
1962 -2323
1971 -2520
1985 -2553
2004 -2640
2020 -2069
2024 -2494
2033 -2356
2037 -2290
2045 -2376
2047 -2302
2047 -2246
2056 -2303
2057 -2384
2069 -2478
2090 -2551
2095 -2624
2103 -2309
2111 -2187
2142 -2206
2153 -2273
2183 -2643
2191 -2511
2194 -2555
2212 -2611
2233 -2307
2237 -2347
2253 -2477
2283 -2567
2283 -2343
2290 -2654
2324 -2601
2376 -2404
2381 -2495
2429 -2607
2430 -2564
2467 -2590
2477 -2559
2502 -2605
2504 -2593
2504 -2556
2504 -2553
2564 -2654
2680 -2835
2689 -2810
2718 -3136
2719 -3367
2724 -3266
2733 -3258
2738 -3114
2757 -2864
2773 -2993
2787 -3097
2806 -2877
2839 -2967
2914 -3361
2926 -3376
2955 -2999
3014 -3090
3030 -3231
3052 -3149
3084 -3417
3089 -3321
3146 -3152
3188 -3360
3332 -3411
3382 -3423
3443 -3582
3443 -3529
3516 -3613
3521 -3597
3533 -3830
3545 -3788
3545 -3627
3684 -3797
3731 -3824
3736 -3968
3858 -3884
3912 -3917
3914 -3915
3980 -4020
13 -304
25 -237
83 -84
104 -303
107 -1493
107 -1183
109 -271
200 -285
397 -504
408 -525
423 -517
519 -547
525 -561
551 -554
606 -1692
647 -681
697 -698
698 -869
705 -828
718 -828
764 -787
780 -834
917 -1503
919 -1661
925 -1637
947 -1305
971 -1020
976 -1679
980 -1484
1004 -1198
1010 -1650
1014 -1032
1029 -1730
1059 -1816
1059 -1796
1059 -1714
1067 -1550
1078 -1868
1087 -1505
1101 -1551
1104 -1204
1146 -1813
1159 -1630
1225 -1472
1230 -1849
1267 -1746
1289 -1530
1331 -1823
1335 -1842
1344 -1810
1348 -1847
1357 -1487
1462 -1903
1465 -2351
1470 -1813
1473 -1630
1504 -1536
1508 -1894
1530 -1800
1540 -1717
1547 -1737
1554 -1597
1569 -1630
1577 -2451
1610 -1789
1611 -1691
1684 -3203
1752 -1861
1912 -1979
1929 -2500
1929 -2150
1929 -1985
1936 -1975
1943 -2179
1946 -2578
1959 -2465
1962 -2206
2010 -2294
2044 -2429
2059 -2306
2078 -2554
2086 -2564
2088 -2408
2090 -2625
2092 -2409
2093 -2492
2095 -2655
2104 -2638
2109 -2573
2134 -2180
2135 -2293
2185 -2425
2190 -2591
2190 -2353
2196 -2475
2202 -2284
2229 -2575
2239 -2332
2263 -2621
2271 -2601
2275 -2348
2305 -2372
2306 -2395
2326 -2559
2356 -2619
2356 -2428
2359 -2611
2363 -2561
2371 -2440
2463 -2616
2467 -2611
2575 -2591
2665 -3198
2710 -2769
2724 -3405
2758 -2932
2795 -2832
2833 -2869
2835 -3339
2849 -3070
2864 -3232
2867 -3363
2889 -2972
2892 -3288
2892 -3178
2901 -3110
2910 -3345
2937 -3267
3073 -3232
3082 -3116
3086 -3136
3087 -3289
3088 -3208
3101 -3265
3211 -3215
3326 -3393
3365 -3369
3437 -3537
3456 -3461
3553 -3663
3559 -3838
3655 -3920
3831 -3968
3900 -3951
67 -156
104 -295
107 -1561
107 -1272
122 -142
136 -2264
186 -331
199 -238
460 -463
484 -1238
544 -563
634 -646
676 -683
688 -828
719 -764
825 -889
862 -3677
906 -1737
906 -1222
921 -925
932 -1399
940 -1541
977 -1338
980 -1637
981 -1426
995 -1271
1003 -1721
1009 -1036
1024 -1271
1049 -1375
1059 -1617
1062 -1630
1075 -1688
1079 -1557
1108 -1894
1112 -1255
1117 -1522
1118 -1378
1126 -1211
1130 -1584
1167 -1630
1185 -1471
1199 -1723
1228 -1412
1238 -1483
1244 -1630
1246 -1469
1261 -1595
1261 -1282
1275 -1703
1279 -1576
1320 -1357
1350 -1859
1371 -1378
1376 -1791
1376 -1765
1459 -1742
1508 -1848
1535 -1675
1539 -1827
1551 -1609
1565 -1882
1565 -1767
1589 -1796
1595 -1893
1656 -3165
1684 -2688
1791 -1833
1912 -2521
1912 -2216
1917 -2655
1921 -2027
1932 -2508
1935 -2022
1938 -2615
1938 -2604
1939 -2543
1946 -2212
1948 -2283
1948 -1954
1963 -2063
1971 -2536
1984 -2030
1987 -2038
2006 -2658
2020 -2184
2029 -2509
2029 -2452
2031 -2254
2040 -2150
2054 -2608
2060 -2088
2081 -2653
2081 -2588
2084 -2391
2086 -2604
2087 -2609
2092 -2140
2115 -2542
2125 -2594
2131 -2404
2142 -2591
2149 -2603
2164 -2462
2174 -2319
2183 -2336
2190 -2607
2197 -2440
2235 -2282
2254 -2436
2304 -2537
2307 -2430
2308 -2469
2320 -2515
2336 -2537
2339 -2376
2347 -2592
2351 -2592
2381 -2546
2404 -2601
2407 -2631
2423 -2489
2471 -2643
2510 -2512
2666 -3284
2679 -2946
2706 -2943
2742 -3089
2743 -2874
2763 -3286
2774 -3127
2853 -3265
2894 -3115
2944 -3004
2958 -3111
2986 -3174
3026 -3123
3034 -3360
3038 -3106
3102 -3280
3173 -3335
3190 -3327
3279 -3353
3437 -3948
3440 -3576
3495 -3577
3514 -3800
3518 -3824
3538 -3871
3639 -3830
3985 -4014
0 -147
98 -128
107 -1184
136 -2649
187 -242
187 -194
242 -346
366 -1400
389 -497
402 -566
414 -677
414 -641
516 -518
688 -777
694 -697
731 -810
896 -1783
917 -1371
924 -1035
941 -1894
947 -1211
952 -1827
982 -1457
997 -1888
999 -1617
1021 -1257
1048 -1471
1059 -1557
1066 -1451
1074 -1084
1078 -1267
1094 -1531
1113 -1660
1124 -1149
1133 -1442
1153 -1288
1154 -1356
1159 -1828
1170 -1500
1229 -1596
1230 -1488
1236 -1815
1251 -1421
1316 -1423
1319 -1371
1355 -1536
1358 -1574
1373 -1503
1385 -1770
1389 -1761
1409 -1605
1421 -1719
1423 -1715
1475 -1636
1509 -1663
1548 -1568
1577 -2273
1589 -1891
1597 -1735
1605 -1888
1621 -1668
1622 -1765
1635 -1691
1648 -1837
1648 -1733
1661 -1786
1663 -1752
1684 -2821
1729 -1732
1736 -1746
1766 -1773
1802 -1895
1923 -2289
1929 -2504
1929 -2340
1947 -2518
1947 -2221
1985 -2462
1989 -2037
2001 -2157
2005 -2055
2007 -2052
2030 -2109
2033 -2329
2037 -2354
2042 -2187
2046 -2376
2047 -2333
2048 -2289
2052 -2111
2055 -2324
2067 -2476
2072 -2415
2078 -2212
2089 -2228
2103 -2136
2108 -2131
2110 -2511
2115 -2363
2116 -2351
2125 -2588
2128 -2616
2135 -2544
2150 -2646
2165 -2275
2187 -2582
2190 -2560
2199 -2398
2205 -2211
2212 -2574
2216 -2334
2218 -2427
2218 -2300
2221 -2243
2240 -2560
2273 -2475
2283 -2368
2333 -2461
2339 -2646
2351 -2436
2374 -2564
2374 -2543
2397 -2474
2410 -2586
2410 -2576
2414 -2563
2445 -2589
2539 -2554
2669 -2698
2674 -3347
2676 -3033
2751 -3342
2767 -2889
2778 -3332
2782 -2864
2800 -2867
2827 -3096
2849 -3297
2890 -3029
2910 -3064
2910 -3054
2913 -2993
2939 -3302
2955 -3404
3017 -3274
3035 -3239
3056 -3232
3060 -3260
3061 -3081
3106 -3330
3115 -3179
3162 -3191
3312 -3365
3315 -3362
3442 -3778
3475 -3938
3495 -3734
3545 -3962
3576 -3966
3577 -3692
3584 -3718
3599 -3608
3633 -3884
3657 -3868
3796 -3797
3826 -3906
0 -307
14 -310
19 -115
82 -121
106 -238
107 -1829
107 -1233
136 -2510
248 -277
366 -651
367 -502
378 -591
389 -1348
391 -566
420 -537
436 -635
483 -1012
483 -1001
504 -555
526 -1329
599 -659
606 -1358
688 -853
697 -719
703 -718
720 -764
760 -823
925 -1181
925 -1048
930 -1660
960 -1622
960 -1571
1001 -1349
1004 -1352
1006 -1391
1017 -1457
1021 -1720
1021 -1462
1032 -1373
1035 -1159
1036 -1715
1059 -1554
1059 -1128
1062 -1435
1066 -1495
1068 -1736
1070 -1525
1101 -1791
1104 -1578
1120 -1345
1123 -1175
1126 -1603
1131 -1228
1149 -1196
1153 -1480
1170 -1871
1173 -1390
1189 -1482
1190 -1715
1192 -1647
1211 -1589
1217 -1885
1225 -1703
1229 -1576
1271 -1800
1283 -1641
1293 -1768
1335 -1547
1337 -1618
1349 -1514
1352 -1902
1358 -1400
1365 -1842
1377 -1721
1382 -1783
1385 -1778
1460 -1765
1479 -1720
1493 -1787
1522 -1864
1530 -1643
1539 -1839
1577 -2148
1596 -1872
1629 -1733
1668 -1782
1707 -1810
1718 -2419
1718 -2292
1916 -2247
1918 -2233
1925 -2507
1929 -2103
1943 -2244
1948 -2598
1948 -2241
1962 -2090
1966 -2476
1966 -2172
1971 -2276
1979 -1993
1997 -2423
2006 -2225
2021 -2369
2024 -2202
2026 -2327
2031 -2514
2033 -2619
2033 -2055
2037 -2526
2046 -2573
2048 -2085
2052 -2498
2061 -2648
2063 -2136
2073 -2240
2088 -2331
2088 -2140
2095 -2423
2098 -2308
2104 -2395
2109 -2309
2123 -2646
2127 -2629
2130 -2448
2133 -2336
2133 -2319
2140 -2607
2145 -2366
2191 -2196
2196 -2292
2200 -2654
2240 -2590
2240 -2348
2279 -2537
2312 -2400
2326 -2601
2326 -2575
2336 -2351
2363 -2489
2381 -2625
2404 -2600
2423 -2543
2461 -2608
2465 -2471
2467 -2484
2468 -2561
2472 -2598
2559 -2630
2661 -3335
2679 -3078
2715 -2747
2716 -3013
2717 -3142
2718 -2843
2724 -2865
2734 -3057
2736 -2836
2745 -2966
2750 -2763
2777 -2850
2827 -2986
2852 -3220
2854 -2944
2866 -2912
2874 -2924
2911 -2940
2915 -3390
2944 -3153
2946 -3117
2974 -3433
3019 -3386
3076 -3152
3087 -3395
3100 -3182
3113 -3179
3116 -3397
3132 -3330
3140 -3321
3154 -3188
3224 -3386
3247 -3297
3256 -3393
3437 -3578
3440 -3734
3444 -3849
3462 -3966
3488 -3838
3554 -3956
3576 -3930
3594 -3613
3658 -3966
3674 -3888
3780 -3971
0 -17
7 -213
91 -110
107 -1016
107 -976
107 -948
119 -170
214 -326
248 -311
322 -341
322 -339
370 -419
391 -512
414 -601
414 -480
420 -1237
446 -492
483 -1740
559 -676
563 -1070
579 -592
617 -630
618 -653
896 -1812
925 -1620
950 -1687
960 -1652
970 -1567
982 -1163
1006 -1842
1011 -1041
1014 -1020
1032 -1894
1059 -1559
1063 -1736
1075 -1076
1078 -1107
1083 -1902
1086 -1750
1141 -1785
1166 -1258
1182 -1637
1185 -1864
1221 -1783
1255 -1891
1259 -1630
1281 -1282
1291 -1584
1335 -1721
1337 -1369
1340 -1688
1341 -1420
1349 -1574
1361 -1707
1370 -1833
1388 -1736
1389 -1663
1399 -1833
1399 -1420
1491 -1737
1584 -1612
1603 -1668
1613 -1632
1663 -1717
1669 -1761
1683 -1789
1684 -3051
1684 -2800
1800 -1804
1912 -1966
1921 -2378
1932 -2047
1940 -2194
1941 -2489
1941 -2137
1945 -2491
1945 -2419
1945 -2133
1946 -2188
1948 -2102
1964 -2345
1966 -2348
1968 -2459
1971 -2549
1971 -2043
1986 -2184
2005 -2564
2006 -2636
2006 -2011
2007 -2067
2007 -2032
2010 -2498
2020 -2064
2023 -2341
2033 -2546
2037 -2409
2040 -2604
2058 -2429
2058 -2154
2059 -2607
2059 -2140
2084 -2165
2086 -2257
2088 -2244
2104 -2546
2129 -2540
2138 -2472
2139 -2275
2139 -2229
2150 -2560
2154 -2354
2165 -2573
2172 -2212
2176 -2610
2186 -2425
2191 -2465
2216 -2561
2226 -2379
2229 -2464
2232 -2384
2232 -2327
2242 -2452
2244 -2409
2282 -2332
2289 -2653
2366 -2367
2394 -2396
2399 -2471
2408 -2542
2418 -2551
2428 -2600
2428 -2586
2461 -2512
2509 -2511
2525 -2641
2673 -2806
2694 -2916
2697 -2820
2734 -2752
2738 -3090
2738 -2873
2748 -3386
2777 -2884
2781 -3425
2782 -3195
2786 -2927
2800 -3033
2837 -3257
2874 -3417
2878 -3214
2909 -3384
2928 -3073
2937 -3280
2950 -3107
2974 -3220
2994 -3417
3035 -3113
3038 -3197
3060 -3320
3095 -3303
3111 -3274
3182 -3396
3406 -3409
3437 -3650
3437 -3498
3462 -3604
3490 -3894
3495 -3586
3501 -3633
3534 -3881
3563 -3830
3605 -3731
3806 -3894
24 -266
64 -171
103 -172
186 -236
348 -459
353 -497
376 -1767
440 -496
479 -536
483 -1300
496 -523
526 -1600
553 -569
575 -685
632 -643
703 -827
722 -745
727 -756
754 -835
946 -1405
960 -1207
975 -1899
993 -1256
995 -1826
1001 -1357
1047 -1559
1047 -1352
1049 -1659
1052 -1525
1054 -1659
1070 -1686
1076 -1842
1126 -1361
1128 -1730
1128 -1603
1181 -1491
1192 -1841
1203 -1588
1222 -1431
1227 -1515
1267 -1483
1277 -1893
1282 -1347
1289 -1399
1291 -1352
1298 -1841
1305 -1614
1313 -1673
1338 -1725
1347 -1786
1359 -1900
1367 -1380
1390 -1471
1404 -1462
1434 -1460
1465 -2138
1465 -2102
1485 -1774
1565 -1844
1580 -1614
1613 -1757
1621 -1717
1684 -3425
1684 -3343
1684 -2905
1699 -1807
1716 -1871
1718 -2643
1732 -1871
1810 -1827
1816 -1839
1917 -2083
1929 -2654
1945 -2608
1953 -2347
1958 -2538
1974 -2651
1975 -2503
1983 -2606
1983 -2347
1983 -2108
1985 -2339
1998 -2006
2007 -2144
2031 -2149
2032 -2384
2042 -2420
2045 -2073
2047 -2148
2057 -2302
2059 -2600
2059 -2060
2062 -2617
2084 -2554
2088 -2520
2093 -2590
2093 -2290
2094 -2245
2095 -2172
2104 -2623
2108 -2164
2108 -2124
2123 -2561
2135 -2463
2142 -2615
2153 -2319
2164 -2563
2172 -2430
2176 -2209
2179 -2477
2207 -2349
2220 -2613
2223 -2653
2246 -2463
2253 -2559
2271 -2468
2289 -2598
2319 -2649
2325 -2480
2352 -2619
2354 -2468
2356 -2601
2374 -2590
2409 -2550
2451 -2543
2464 -2630
2482 -2602
2511 -2567
2586 -2638
2602 -2619
2670 -2889
2742 -3120
2751 -2901
2777 -2909
2786 -3362
2786 -2988
2787 -3395
2795 -3254
2806 -3213
2839 -3158
2849 -3344
2888 -3300
2932 -2938
2935 -2999
2943 -3135
2953 -3084
2966 -3195
2993 -3119
3009 -3406
3051 -3240
3052 -3237
3116 -3381
3194 -3360
3195 -3284
3398 -3405
3437 -3713
3501 -3948
3518 -3737
3521 -3831
3617 -3869
3730 -3832
3893 -3941
3982 -4023
0 -110
17 -41
28 -149
107 -1414
107 -1241
107 -1031
113 -169
223 -246
281 -284
299 -330
348 -461
353 -462
373 -498
378 -436
388 -438
419 -518
425 -460
432 -506
473 -495
483 -1490
484 -1155
524 -553
537 -561
595 -659
611 -625
716 -799
896 -1036
900 -919
901 -1452
917 -1472
922 -991
937 -1106
941 -1081
946 -1804
949 -1259
960 -1542
978 -1243
993 -1335
1001 -1352
1006 -1717
1008 -1337
1029 -1256
1092 -1669
1104 -1392
1110 -1278
1123 -1735
1124 -1199
1125 -1330
1130 -1305
1132 -1351
1156 -1172
1157 -1594
1173 -1243
1199 -1804
1212 -1829
1219 -1437
1219 -1265
1238 -1457
1243 -1867
1256 -1864
1271 -1668
1280 -1331
1285 -1793
1287 -1714
1289 -1804
1303 -1820
1322 -1857
1345 -1479
1352 -1712
1376 -1589
1380 -1789
1388 -1835
1392 -1899
1408 -1574
1431 -1839
1485 -1836
1505 -2883
1509 -1891
1516 -1746
1559 -1861
1570 -1608
1626 -1683
1636 -1903
1643 -1796
1683 -1839
1684 -3419
1684 -3319
1684 -3146
1684 -2783
1686 -1704
1718 -2471
1729 -1848
1795 -1827
1819 -1846
1912 -2039
1916 -2149
1929 -2109
1940 -2241
1943 -1971
1945 -2543
1946 -2276
1947 -2068
1966 -2074
1997 -2495
2010 -2199
2037 -2404
2037 -2210
2045 -2287
2045 -2206
2048 -2498
2059 -2078
2064 -2108
2073 -2093
2076 -2320
2093 -2309
2102 -2187
2109 -2408
2110 -2396
2112 -2386
2133 -2555
2137 -2347
2139 -2619
2142 -2184
2165 -2560
2172 -2404
2174 -2471
2182 -2642
2186 -2406
2188 -2482
2199 -2567
2247 -2498
2253 -2485
2266 -2601
2268 -2292
2279 -2417
2283 -2618
2323 -2395
2347 -2563
2347 -2430
2381 -2574
2394 -2434
2402 -2448
2405 -2412
2428 -2602
2461 -2537
2471 -2510
2482 -2550
2552 -2630
2556 -2611
2663 -3084
2694 -3324
2710 -2851
2719 -3377
2765 -3434
2773 -2987
2778 -3335
2780 -3265
2810 -2944
2813 -2883
2822 -3164
2841 -3081
2853 -2863
2872 -3226
2893 -3374
2939 -3120
2986 -3226
3017 -3101
3051 -3419
3054 -3119
3060 -3152
3084 -3149
3132 -3179
3226 -3363
3353 -3355
3437 -3935
3437 -3487
3519 -3705
3608 -3694
3611 -3938
3671 -3882
3687 -3926
3792 -3969
13 -65
56 -60
107 -1653
107 -1338
107 -1313
107 -963
127 -135
290 -342
366 -1490
373 -563
385 -524
400 -566
414 -650
428 -1109
431 -483
456 -553
474 -481
479 -538
496 -508
526 -1519
563 -604
592 -655
592 -653
654 -672
723 -826
754 -779
770 -845
913 -1217
915 -930
927 -1851
932 -1172
952 -1126
953 -1059
1006 -1795
1028 -1617
1036 -1148
1048 -1864
1064 -1202
1079 -1547
1079 -1540
1102 -1732
1104 -1475
1107 -1791
1107 -1184
1108 -1273
1112 -1750
1121 -1472
1124 -1626
1129 -1873
1132 -1335
1146 -1898
1153 -1370
1158 -1903
1163 -1605
1172 -1823
1172 -1289
1172 -1201
1181 -1867
1184 -1491
1211 -1833
1211 -1293
1221 -1596
1235 -1379
1267 -1736
1277 -1884
1305 -1683
1309 -1322
1324 -1396
1340 -1833
1344 -1799
1345 -1875
1345 -1862
1350 -1578
1352 -1714
1385 -1529
1431 -1842
1452 -1593
1480 -1833
1491 -1867
1513 -1590
1565 -1625
1567 -1698
1570 -1768
1577 -2163
1597 -1761
1612 -1799
1637 -1811
1652 -1689
1684 -3228
1684 -3082
1684 -3004
1684 -2820
1684 -2683
1718 -1920
1740 -1882
1754 -1800
1912 -2603
1916 -2039
1917 -1953
1923 -2406
1926 -2224
1941 -2542
1953 -2526
1957 -1980
1966 -2433
1966 -2154
1972 -2024
1975 -2488
1984 -2271
1985 -2154
2002 -2054
2005 -2340
2005 -2244
2033 -2063
2054 -2249
2056 -2615
2056 -2326
2063 -2551
2068 -2451
2069 -2376
2071 -2293
2072 -2133
2073 -2352
2075 -2415
2078 -2340
2081 -2333
2101 -2283
2120 -2260
2120 -2156
2121 -2408
2122 -2560
2125 -2232
2127 -2138
2131 -2356
2132 -2603
2132 -2199
2147 -2576
2154 -2478
2169 -2616
2172 -2266
2179 -2359
2201 -2300
2203 -2224
2218 -2376
2222 -2651
2233 -2591
2238 -2335
2268 -2419
2299 -2602
2347 -2418
2348 -2495
2355 -2384
2396 -2537
2407 -2500
2438 -2643
2533 -2649
2536 -2619
2550 -2625
2586 -2625
2638 -2654
2666 -3339
2679 -2750
2688 -2903
2717 -3363
2755 -3339
2800 -3096
2801 -3032
2815 -2916
2850 -3193
2910 -3363
2919 -3004
2927 -2981
2950 -3351
2964 -3326
2969 -3301
3005 -3060
3019 -3186
3034 -3313
3118 -3145
3136 -3187
3241 -3420
3245 -3278
3406 -3434
3437 -3965
3506 -3623
3574 -3828
3633 -3692
3683 -3692
3711 -3924
13 -342
13 -188
21 -105
107 -1621
107 -1325
107 -1088
107 -1039
348 -530
353 -483
354 -519
364 -501
378 -496
388 -566
392 -473
417 -500
421 -465
423 -497
428 -1300
428 -609
432 -510
461 -483
479 -515
563 -1136
573 -605
578 -665
618 -682
756 -827
896 -1158
903 -1319
906 -1800
924 -1308
932 -1902
934 -1753
936 -1237
941 -1828
941 -1824
942 -1081
946 -1289
962 -1095
968 -1183
978 -1491
982 -1269
1011 -1815
1014 -1231
1032 -1067
1036 -1647
1078 -1839
1090 -1244
1095 -1113
1099 -1303
1101 -1761
1116 -1331
1117 -1662
1122 -1237
1124 -1580
1126 -1843
1139 -1260
1173 -1214
1180 -1238
1182 -1269
1184 -1886
1199 -1665
1199 -1542
1199 -1329
1199 -1289
1209 -1754
1221 -1647
1222 -1513
1285 -1832
1322 -1381
1329 -1460
1330 -1388
1338 -1536
1344 -1589
1361 -1605
1366 -1492
1366 -1481
1373 -1706
1377 -1643
1391 -1868
1391 -1520
1399 -1689
1402 -1571
1404 -1857
1405 -3233
1456 -1741
1476 -1642
1509 -1659
1583 -1812
1589 -1810
1632 -1796
1649 -1794
1684 -2789
1691 -1857
1714 -1791
1753 -1761
1912 -2365
1916 -1954
1921 -1980
1926 -2273
1929 -2354
1932 -2264
1954 -2538
1964 -2023
1977 -2291
1988 -2513
2021 -2276
2030 -2520
2030 -2410
2031 -2366
2035 -2107
2038 -2367
2042 -2223
2047 -2417
2052 -2304
2056 -2078
2069 -2443
2071 -2223
2073 -2340
2073 -2131
2078 -2210
2083 -2229
2090 -2142
2098 -2601
2104 -2586
2111 -2249
2122 -2190
2126 -2412
2135 -2180
2137 -2555
2137 -2333
2138 -2617
2139 -2414
2140 -2359
2145 -2146
2150 -2526
2154 -2229
2200 -2467
2200 -2359
2218 -2409
2220 -2374
2232 -2598
2233 -2536
2240 -2476
2244 -2549
2250 -2498
2253 -2604
2254 -2451
2254 -2319
2271 -2408
2276 -2347
2284 -2633
2308 -2410
2333 -2608
2336 -2516
2345 -2612
2346 -2620
2347 -2638
2354 -2482
2369 -2625
2408 -2543
2414 -2428
2461 -2475
2464 -2578
2468 -2492
2499 -2526
2504 -2546
2510 -2567
2552 -2561
2560 -2623
2579 -2631
2590 -2604
2676 -2897
2679 -3029
2683 -3090
2716 -3107
2718 -3385
2719 -2875
2742 -2780
2748 -3360
2770 -3277
2803 -3280
2815 -3108
2823 -3118
2829 -3177
2862 -3073
2909 -3348
2916 -3387
2916 -3040
2932 -3136
2935 -2983
2956 -2993
3034 -3345
3041 -3240
3047 -3078
3082 -3396
3082 -3330
3082 -3198
3113 -3132
3267 -3277
3320 -3381
3360 -3431
3437 -3970
3437 -3749
3437 -3700
3473 -3819
3528 -3824
3534 -3937
3585 -3949
3586 -3797
3605 -3687
3640 -3702
0 -232
0 -100
19 -343
40 -332
92 -187
119 -269
132 -334
132 -277
348 -401
353 -1679
353 -1673
354 -507
395 -436
412 -669
419 -430
428 -526
475 -489
531 -557
544 -676
622 -623
659 -665
730 -849
882 -889
896 -1479
903 -1468
929 -1838
934 -1551
984 -1032
1059 -1849
1059 -1335
1083 -1302
1083 -1125
1104 -1257
1115 -1120
1123 -1153
1130 -1471
1146 -1522
1158 -1732
1158 -1591
1172 -1205
1179 -1606
1184 -1800
1184 -1361
1192 -1257
1196 -1753
1198 -1612
1207 -1271
1215 -1591
1220 -1827
1230 -1256
1231 -1720
1237 -1673
1242 -1603
1243 -1290
1256 -1341
1299 -1304
1305 -1621
1312 -1520
1376 -1632
1435 -1600
1467 -1522
1483 -1842
1509 -1800
1551 -1730
1619 -1886
1619 -1722
1622 -1675
1669 -1791
1689 -1877
1772 -1791
1833 -1879
1912 -2118
1925 -2026
1926 -2366
1927 -2018
1929 -2484
1938 -2307
1941 -2571
1951 -2006
1955 -2071
1959 -2344
1966 -2404
1983 -2104
1985 -2086
1997 -2093
2005 -2142
2006 -2364
2007 -2161
2020 -2154
2028 -2196
2030 -2184
2071 -2289
2073 -2278
2087 -2547
2108 -2386
2111 -2327
2122 -2407
2126 -2173
2131 -2237
2134 -2285
2140 -2556
2155 -2221
2176 -2616
2188 -2370
2193 -2316
2194 -2537
2201 -2532
2216 -2625
2266 -2307
2275 -2560
2299 -2418
2306 -2329
2311 -2404
2315 -2598
2328 -2461
2331 -2602
2336 -2343
2347 -2409
2352 -2615
2386 -2467
2392 -2574
2408 -2492
2414 -2655
2445 -2511
2556 -2575
2666 -3004
2669 -3142
2675 -3189
2675 -3132
2743 -3036
2756 -2931
2793 -3277
2828 -3347
2830 -3233
2890 -3426
2914 -2951
2916 -2969
2945 -3220
2960 -3426
2960 -3104
2974 -3096
2984 -3027
3116 -3280
3154 -3252
3185 -3377
3186 -3246
3243 -3433
3272 -3320
3321 -3421
3353 -3386
3363 -3394
3437 -3715
3474 -3630
3485 -3559
3618 -3625
3737 -3938
3925 -3961
3982 -3994
57 -242
67 -308
104 -109
107 -1733
107 -1537
107 -1155
107 -1092
122 -344
136 -2004
176 -188
348 -545
355 -455
414 -609
414 -581
419 -423
427 -563
434 -478
473 -539
522 -546
592 -619
698 -885
705 -830
719 -848
745 -814
800 -814
903 -1363
916 -1868
925 -1198
927 -993
942 -1099
953 -1230
997 -1359
1000 -1010
1003 -1340
1024 -1207
1032 -1316
1032 -1282
1068 -1888
1075 -1340
1080 -1801
1085 -1307
1117 -1191
1123 -1196
1144 -1593
1146 -1390
1149 -1327
1150 -1321
1165 -1461
1172 -1330
1177 -1641
1209 -1528
1250 -1278
1271 -1613
1282 -1286
1288 -1888
1288 -1833
1290 -1524
1298 -1715
1302 -1613
1310 -1876
1313 -1692
1327 -1540
1328 -1494
1329 -1407
1352 -1737
1352 -1734
1352 -1675
1365 -1752
1369 -1522
1375 -1810
1375 -1572
1404 -1611
1441 -1905
1462 -1596
1465 -2135
1509 -1839
1530 -1752
1551 -1563
1557 -1823
1557 -1757
1593 -1787
1610 -1799
1663 -1768
1668 -1898
1675 -1811
1684 -3180
1684 -2720
1689 -1891
1772 -1902
1811 -1839
1912 -2474
1912 -2455
1912 -2429
1914 -2494
1918 -1983
1920 -2327
1932 -2111
1933 -2317
1938 -2484
1938 -2229
1941 -2369
1941 -2309
1943 -2363
1946 -2606
1963 -2586
1966 -2492
1971 -2500
1984 -2253
1984 -1985
1985 -2363
1986 -2560
2007 -2111
2018 -2284
2022 -2157
2033 -2095
2039 -2087
2040 -2348
2050 -2647
2057 -2223
2064 -2083
2081 -2537
2081 -2372
2088 -2271
2104 -2309
2107 -2587
2126 -2341
2127 -2312
2149 -2399
2150 -2190
2153 -2191
2172 -2532
2184 -2613
2184 -2600
2184 -2339
2187 -2555
2201 -2615
2206 -2229
2220 -2625
2237 -2464
2241 -2508
2242 -2605
2257 -2624
2272 -2642
2287 -2553
2302 -2385
2306 -2638
2328 -2463
2332 -2508
2338 -2592
2356 -2460
2368 -2642
2374 -2542
2376 -2423
2427 -2512
2539 -2615
2549 -2578
2578 -2590
2582 -2598
2694 -3202
2706 -2905
2728 -2730
2729 -2810
2744 -2843
2745 -3022
2748 -3154
2757 -3040
2778 -3115
2819 -3341
2827 -2956
2834 -2972
2866 -2925
2931 -3129
3001 -3019
3011 -3411
3021 -3247
3076 -3199
3104 -3123
3171 -3208
3223 -3366
3239 -3406
3299 -3360
3302 -3347
3437 -3867
3437 -3514
3442 -3918
3512 -3929
3527 -3800
3531 -3546
3539 -3584
3555 -3584
3596 -3938
3602 -3972
3670 -3938
3672 -3926
3697 -3756
3960 -3967
0 -169
23 -155
30 -331
55 -239
67 -82
125 -136
136 -2133
261 -342
271 -298
370 -520
374 -378
376 -1536
484 -514
507 -513
517 -1645
637 -1808
686 -823
706 -713
724 -853
782 -813
783 -809
838 -856
902 -1691
925 -1003
931 -1064
946 -1123
954 -1820
966 -1107
977 -1709
977 -1169
986 -1634
993 -1209
1024 -1086
1041 -1496
1078 -1886
1078 -1335
1083 -1431
1093 -1366
1104 -1680
1128 -1650
1130 -1849
1144 -1588
1153 -1898
1158 -1432
1160 -1637
1163 -1714
1163 -1619
1165 -1421
1166 -1245
1186 -1548
1199 -1789
1230 -1911
1244 -1770
1267 -1795
1273 -1429
1291 -1302
1305 -1805
1316 -1824
1322 -1596
1331 -1741
1341 -1467
1370 -1388
1380 -1665
1405 -3331
1416 -1431
1471 -1547
1480 -1652
1485 -1618
1491 -1530
1505 -1561
1530 -1810
1565 -1870
1593 -1687
1610 -1898
1661 -1894
1684 -3308
1758 -3205
1809 -1898
1827 -1843
1912 -2599
1917 -2484
1925 -2329
1932 -2598
1940 -2151
1945 -2343
1953 -2482
1979 -2329
1979 -2309
1984 -2500
1987 -2133
2032 -2417
2042 -2592
2054 -2282
2058 -2433
2063 -2233
2064 -2210
2064 -2095
2074 -2551
2074 -2468
2088 -2299
2091 -2371
2091 -2156
2095 -2386
2103 -2524
2103 -2449
2103 -2206
2103 -2131
2124 -2591
2139 -2593
2164 -2201
2174 -2610
2189 -2283
2194 -2330
2209 -2325
2216 -2477
2218 -2549
2229 -2593
2229 -2386
2237 -2546
2243 -2267
2244 -2507
2246 -2617
2266 -2482
2291 -2318
2296 -2345
2307 -2507
2313 -2644
2316 -2360
2324 -2556
2335 -2403
2338 -2649
2351 -2384
2447 -2636
2471 -2512
2500 -2611
2510 -2511
2543 -2643
2670 -2879
2676 -3056
2683 -2837
2751 -3380
2756 -3090
2782 -3284
2793 -3152
2809 -3269
2820 -3001
2831 -3326
2840 -2881
2873 -3435
2932 -3337
3025 -3363
3032 -3365
3065 -3363
3068 -3412
3070 -3206
3072 -3403
3084 -3300
3097 -3157
3146 -3397
3154 -3295
3172 -3261
3212 -3434
3243 -3384
3313 -3327
3350 -3355
3437 -3808
3437 -3546
3440 -3971
3448 -3677
3488 -3576
3534 -3758
3547 -3779
3577 -3968
3613 -3919
3629 -3722
3680 -3706
0 -339
17 -326
21 -169
107 -1650
107 -1550
107 -1353
107 -1270
107 -932
119 -229
188 -322
265 -331
348 -362
370 -423
388 -412
391 -514
412 -430
418 -544
475 -1332
482 -483
517 -1313
520 -563
541 -563
546 -547
604 -651
606 -1334
697 -890
719 -834
733 -795
742 -768
762 -799
778 -819
830 -834
916 -1554
916 -1524
917 -1235
954 -1108
957 -1438
957 -1347
966 -1800
966 -1199
1004 -1211
1038 -1861
1048 -1845
1066 -1824
1077 -1866
1081 -1786
1083 -1551
1097 -1733
1106 -1418
1135 -1604
1148 -1231
1158 -1611
1163 -1789
1184 -1375
1188 -1310
1198 -1340
1209 -1800
1258 -1343
1284 -1820
1284 -1576
1293 -1662
1337 -1858
1347 -1448
1352 -1369
1358 -1514
1377 -1608
1388 -1612
1420 -1752
1420 -1614
1423 -1438
1456 -1539
1459 -1583
1464 -1844
1475 -1611
1488 -1836
1551 -1597
1557 -1614
1571 -1879
1577 -1994
1580 -1800
1598 -1816
1600 -1717
1625 -1763
1629 -1784
1684 -2756
1820 -1828
1884 -1899
1912 -2590
1912 -2325
1912 -2201
1912 -1923
1916 -2294
1929 -2549
1938 -2507
1941 -2266
1945 -2588
1951 -2061
1957 -2585
1962 -2200
1966 -2654
2002 -2642
2002 -2510
2002 -2132
2007 -2417
2028 -2338
2032 -2196
2033 -2630
2037 -2352
2043 -2331
2045 -2150
2045 -2139
2053 -2285
2056 -2200
2062 -2344
2062 -2282
2071 -2333
2073 -2500
2074 -2433
2077 -2359
2080 -2236
2090 -2287
2098 -2122
2103 -2477
2104 -2423
2104 -2201
2109 -2526
2112 -2381
2122 -2409
2122 -2353
2131 -2407
2151 -2509
2172 -2348
2194 -2643
2206 -2464
2218 -2348
2233 -2395
2243 -2451
2254 -2608
2306 -2542
2309 -2460
2324 -2586
2325 -2502
2327 -2597
2327 -2451
2351 -2649
2356 -2433
2369 -2460
2373 -2411
2374 -2506
2384 -2510
2392 -2408
2394 -2501
2408 -2579
2410 -2543
2428 -2500
2433 -2559
2464 -2604
2467 -2556
2478 -2551
2493 -2641
2510 -2653
2510 -2598
2532 -2575
2543 -2607
2554 -2593
2598 -2617
2675 -3404
2676 -3387
2676 -2919
2679 -3090
2679 -2880
2719 -2937
2727 -3374
2750 -3339
2753 -3344
2754 -2866
2755 -2986
2757 -3286
2760 -3263
2787 -3321
2845 -3186
2864 -2986
2934 -3385
2951 -3344
2968 -3343
2996 -3214
3019 -3168
3034 -3403
3058 -3345
3078 -3284
3150 -3381
3152 -3258
3210 -3313
3360 -3434
3437 -3972
3437 -3887
3437 -3815
3437 -3668
3475 -3545
3499 -3834
3509 -3951
3568 -3931
3569 -3706
3612 -3764
3671 -3793
3763 -3793
3830 -3918
3858 -3926
3986 -4021
0 -341
0 -319
62 -130
96 -190
107 -987
115 -149
118 -172
144 -312
280 -329
348 -479
354 -355
366 -402
368 -525
387 -524
414 -648
428 -525
462 -493
483 -1893
503 -561
503 -511
559 -606
623 -625
686 -759
691 -822
709 -838
713 -778
713 -772
713 -719
715 -738
720 -808
724 -738
802 -806
917 -1382
917 -1037
921 -1389
925 -1267
947 -1267
993 -1026
1006 -1302
1035 -1646
1082 -1647
1084 -1605
1107 -1669
1107 -1302
1107 -1126
1116 -1540
1117 -1608
1122 -1400
1124 -1589
1124 -1330
1126 -1800
1126 -1329
1149 -1827
1156 -1388
1175 -1863
1205 -1288
1207 -1610
1222 -1888
1226 -1496
1228 -1308
1243 -1610
1281 -1844
1282 -1454
1305 -1402
1319 -1880
1335 -1811
1338 -1357
1352 -1669
1361 -1644
1367 -1909
1370 -1517
1376 -1539
1377 -1471
1390 -1791
1454 -1894
1462 -1578
1469 -1866
1485 -1554
1511 -1806
1513 -1852
1520 -1530
1569 -1699
1609 -1620
1611 -1873
1628 -1872
1637 -1791
1641 -1817
1684 -2804
1718 -2268
1805 -1911
1916 -2399
1917 -2329
1918 -2329
1920 -2398
1920 -2161
1925 -2073
1927 -1991
1941 -2306
1944 -2272
1945 -2509
1946 -2154
1966 -2504
1981 -2235
1984 -2623
1997 -2253
2003 -2511
2005 -2299
2030 -2624
2032 -2223
2039 -2461
2040 -2507
2042 -2434
2064 -2495
2068 -2510
2069 -2561
2069 -2142
2071 -2498
2077 -2606
2090 -2095
2102 -2529
2104 -2504
2113 -2450
2115 -2188
2132 -2282
2139 -2623
2142 -2623
2142 -2410
2142 -2395
2144 -2472
2147 -2611
2147 -2189
2172 -2573
2179 -2601
2184 -2308
2191 -2597
2192 -2472
2200 -2593
2201 -2485
2208 -2324
2211 -2642
2257 -2353
2261 -2553
2267 -2273
2268 -2543
2278 -2533
2279 -2330
2289 -2597
2324 -2363
2324 -2359
2339 -2576
2352 -2611
2386 -2563
2386 -2430
2419 -2582
2419 -2557
2434 -2582
2438 -2543
2664 -3226
2666 -2966
2669 -3387
2701 -2894
2726 -2738
2731 -3158
2734 -2848
2749 -2969
2793 -3351
2813 -3409
2839 -3085
2863 -3335
2865 -3263
2871 -3136
2951 -2989
2976 -3378
3001 -3295
3033 -3056
3077 -3223
3077 -3125
3082 -3386
3101 -3146
3111 -3377
3167 -3177
3291 -3416
3355 -3396
3448 -3966
3449 -3633
3457 -3831
3461 -3559
3462 -3824
3462 -3672
3470 -3710
3488 -3824
3511 -3794
3563 -3948
3569 -3593
3677 -3847
3842 -3938
3873 -3971
3900 -3906
0 -330
0 -312
0 -310
0 -129
21 -313
31 -291
107 -1709
107 -1661
107 -1276
107 -1274
107 -1226
252 -261
277 -325
373 -374
376 -546
391 -513
391 -417
434 -515
460 -492
475 -527
483 -1763
580 -1565
596 -1148
596 -616
662 -681
695 -824
697 -754
705 -739
755 -787
760 -784
819 -834
896 -1647
897 -1029
899 -1133
906 -925
915 -1294
916 -1861
916 -1617
916 -1294
919 -942
925 -980
946 -1598
957 -1550
966 -1736
983 -1888
988 -1462
997 -1056
1006 -1605
1032 -1281
1076 -1256
1086 -1143
1104 -1611
1109 -1139
1112 -1735
1153 -1617
1175 -1557
1185 -1757
1211 -1669
1221 -1709
1222 -1683
1230 -1669
1250 -1737
1275 -1536
1289 -1879
1305 -1584
1318 -1549
1321 -1858
1325 -1687
1329 -1409
1377 -1597
1393 -1754
1409 -1517
1447 -1517
1449 -1874
1450 -3289
1473 -1574
1483 -1609
1505 -3005
1514 -1616
1543 -1677
1577 -2267
1590 -1612
1591 -1899
1649 -1783
1663 -1842
1683 -1795
1696 -1844
1718 -1955
1737 -1819
1795 -1800
1868 -1888
1912 -2237
1912 -2052
1913 -2616
1932 -2039
1938 -2469
1939 -2617
1941 -2088
1943 -2150
1946 -2492
1948 -2372
1959 -2007
1962 -2561
1962 -2507
1964 -2589
1966 -2257
1966 -2115
1968 -1980
1986 -2139
1992 -2622
1997 -2354
2002 -2183
2005 -2266
2007 -2333
2040 -2410
2059 -2122
2063 -2408
2064 -2206
2071 -2149
2072 -2533
2073 -2586
2074 -2564
2074 -2339
2093 -2154
2095 -2324
2109 -2578
2111 -2608
2118 -2551
2118 -2188
2121 -2624
2124 -2139
2132 -2273
2133 -2474
2133 -2399
2135 -2333
2140 -2331
2165 -2218
2184 -2414
2189 -2266
2190 -2331
2207 -2515
2208 -2608
2273 -2461
2275 -2539
2289 -2474
2290 -2602
2333 -2384
2338 -2643
2347 -2573
2384 -2436
2399 -2475
2468 -2485
2495 -2507
2604 -2619
2615 -2631
2623 -2625
2661 -3416
2666 -3387
2673 -3004
2679 -2763
2680 -3149
2689 -2694
2694 -3195
2718 -3255
2729 -3080
2739 -3233
2778 -3169
2781 -3335
2825 -3431
2827 -3417
2828 -2869
2833 -3434
2839 -3149
2918 -3255
2925 -3040
2936 -3101
2960 -2966
2964 -3051
2982 -3318
3000 -3257
3049 -3179
3150 -3201
3152 -3182
3229 -3300
3247 -3252
3284 -3426
3302 -3350
3525 -3692
3526 -3840
3557 -3627
3605 -3635
3627 -3681
3633 -3656
3728 -3862
3761 -3915
3763 -3782
3822 -3869
3870 -3900
3874 -3917
3907 -3921
3982 -3997
